1000;906679742;873016650;1797703724
2000;1825580431;949604377;3468561501
3000;2796233996;995672023;5135675706
4000;3617760729;1058272799;6715968106
5000;4586315394;1208339050;8420340915
6000;5427799755;1429379381;10037190989
7000;6386092108;1479509446;11774414163
8000;7442003105;1671221672;13486262404
9000;8198512503;1762847948;15098467837
10000;9051664377;1807398686;16605339497
1000;907720260;874354844;1720160479
2000;1847650957;944983454;3454124760
3000;2792518127;1003907811;5124365718
4000;3596004376;1055579816;6700897168
5000;4745535568;1220821194;8432631144
6000;5400764234;1330515055;10154287624
7000;6344001790;1558910528;11775760454
8000;7339391051;1652625775;13406802663
9000;8309778199;1760503273;15003572743
10000;9044575244;1798750933;16592673061
1000;927355969;879418960;1711241797
2000;1830170129;951530621;3448774348
3000;2719686609;1010666636;5138343195
4000;3610538086;1064527321;6708443799
5000;4650557434;1201830379;8444869292
6000;5425997275;1418159654;10000998771
7000;6328370671;1577295705;11737195150
8000;7655993915;1641603788;13430290491
9000;8299205543;1762211999;15039681445
10000;9081536342;1818465365;16579330117
1000;903336433;877695089;1718128393
2000;1819302551;947198284;3450099630
3000;2721457727;1003041806;5131240967
4000;3580315421;1057871286;6956122187
5000;4719782223;1213513707;8458994735
6000;5472060022;1397067457;10032457755
7000;6321866381;1556669556;11803820892
8000;7438743048;1670772190;13469413443
9000;8265491550;1761875008;15122036271
10000;9126027538;1796952957;16558580420
1000;923974910;872475447;1728599765
2000;1854496636;946392135;3458115082
3000;2735824686;992009479;5126883112
4000;3635039058;1058566337;6733145049
5000;4620065252;1208431304;8441311234
6000;5408518762;1410423162;10046916226
7000;6355688055;1555144674;11782653989
8000;7476864687;1653169193;13412097707
9000;8215557763;1742765596;15059362791
10000;8994009261;1812454071;16610573612
1000;928921141;877500970;1716107575
2000;1858172356;945857515;3457457975
3000;2738020934;997950762;5129040883
4000;3562992062;1066806665;6787498575
5000;4639357489;1219651954;8427729869
6000;5390228526;1402783388;10159807343
7000;6450749171;1565844177;11923137145
8000;7356478750;1657650508;13357017739
9000;8140599783;1759606906;15027823020
10000;9052141221;1817458163;16760687855
1000;936147036;877007289;1721635718
2000;1834217828;956404638;3448966194
3000;2752982803;993771455;5143908584
4000;3662624804;1054701074;6757742204
5000;4703974534;1206146930;8397909918
6000;5480799927;1406902512;10020742676
7000;6318237506;1558519152;11784131484
8000;7552790395;1677079106;13447377967
9000;8152857908;1771316295;15047322734
10000;9075077591;1805465364;16607324443
1000;901539606;873234512;1713279240
2000;1833175937;944482920;3456664837
3000;2726207591;995082681;5129075462
4000;3586144983;1056072954;6757785099
5000;4621356901;1205041855;8429663211
6000;5450589669;1402281537;10017378832
7000;6335267738;1565155597;11742562379
8000;7435361734;1630195899;13450937930
9000;8276269627;1752970060;15033803972
10000;8980265634;1797490382;16550178093
1000;915295115;876384770;1717933770
2000;1874020432;938705976;3452005282
3000;2739269369;1005326859;5127964702
4000;3657494753;1058140265;6704773537
5000;4671788671;1203123497;8460863323
6000;5381632608;1415629666;10216414274
7000;6405168581;1559649053;11819108912
8000;7404083380;1638341650;13367165315
9000;8230982069;1765962249;15043090040
10000;8982170944;1795584442;16575836894
1000;937312110;874690844;1714784962
2000;1870113194;948276294;3469353680
3000;2782456513;999233930;5144704583
4000;3713123083;1055114938;6725420080
5000;4620024126;1214063135;8423015618
6000;5401637802;1412574855;10279712963
7000;6343442737;1577929368;11924416763
8000;7394007025;1657781016;13405112098
9000;8272277840;1752930261;15035693447
10000;9002855525;1802289819;16679071666
1000;929783251;872344109;1721370003
2000;1824209687;948410350;3449141922
3000;2786141785;993495609;5139195357
4000;3577714110;1057723409;6703011883
5000;4628782865;1208881071;8522559154
6000;5417016817;1407712529;10075739265
7000;6319770583;1567636560;11796942375
8000;7372927645;1668668400;13406200632
9000;8203551464;1757492118;15040928658
10000;8964287084;1806827288;16804842122
1000;901525828;872212812;1711325181
2000;1848768268;949995854;3444807657
3000;2739856819;997638790;5149233510
4000;3596353006;1052634429;6716329186
5000;4694885303;1206125936;8580999851
6000;5427298515;1411953739;10174507757
7000;6515118610;1558861965;11772843057
8000;7439324419;1664785208;13462294534
9000;8236290443;1761363098;15205266494
10000;9009212650;1800753016;16563956888
1000;912714200;874661474;1707587178
2000;1843612455;945358405;3443764111
3000;2735055815;1003230838;5173012755
4000;3553785593;1057970002;6724912358
5000;4574549068;1208527077;8442965770
6000;5779875250;1472752988;10071532335
7000;6400998063;1557510285;11767624135
8000;7455918546;1669240616;13460548074
9000;8245070917;1765853489;14978480832
10000;8971903150;1813191431;16723861660
1000;901444419;875514376;1713490517
2000;1841754135;947982869;3453609387
3000;2778819059;991897565;5129893501
4000;3585226098;1062694315;6970294683
5000;4659398753;1214569192;8432917117
6000;5411403256;1384995001;10170443129
7000;6395981900;1565695667;11810655515
8000;7400273355;1658040282;13426182254
9000;8273554102;1766473039;15112922453
10000;8972957958;1805694708;16569218059
1000;907414988;878717991;1717840684
2000;1852480672;940663014;3477396358
3000;2753087011;1011230047;5117688341
4000;3562743318;1056566766;6810512743
5000;4628596137;1214265470;8448958124
6000;5454572342;1414876717;10045691919
7000;6371846213;1581907839;11781406277
8000;7367028926;1619665150;13412860775
9000;8175911933;1767748515;15009489576
10000;9072839208;1799559441;16588605042
1000;911579304;876478147;1727935124
2000;1804440063;943016801;3458489676
3000;2727449249;1004162501;5136536721
4000;3567482156;1064788775;6806143624
5000;4631777468;1201589780;8520082439
6000;5431707158;1413817156;10012183186
7000;6354904964;1556668146;11798141416
8000;7360205815;1654631894;13405296645
9000;8185317522;1762846149;15000810743
10000;9020815645;1799851593;16544283291
1000;911662517;878339512;1712115775
2000;1846706469;936532522;3457434865
3000;2744132790;1005785498;5133795021
4000;3626509910;1066580664;6704421959
5000;4648715516;1210813564;8551597106
6000;5443816940;1405935796;10162531481
7000;6394836163;1557504330;11877693604
8000;7414002697;1644031257;13455798558
9000;8214612599;1759100205;15262102029
10000;9007255245;1815101811;16622292134
1000;897062581;873281601;1742761105
2000;1867764551;944461197;3457321329
3000;2741846519;1004761783;5112374053
4000;3591173856;1059411377;6781149893
5000;4627489305;1209337040;8435958469
6000;5399669715;1416481648;9969345176
7000;6349293954;1558726783;11775880213
8000;7440393632;1665834668;13350087792
9000;8173399086;1769812596;15071205302
10000;9038496125;1803695566;16645948423
1000;904374368;876095348;1715721877
2000;1846509438;944984914;3459844782
3000;2746597447;992133597;5140771812
4000;3592372531;1059155559;6692652511
5000;4637425374;1224532854;8449840854
6000;5494053568;1402590408;10021060296
7000;6387233533;1561712211;11837193233
8000;7464937596;1661402266;13399284345
9000;8234437719;1760045892;15211438290
10000;8997883299;1809014530;16510688767
1000;905315358;877156471;1713726260
2000;1856714438;945676335;3479188053
3000;2838111260;994309722;5111757026
4000;3618689002;1056581000;6750538014
5000;4609859494;1207584005;8438926527
6000;5434089170;1406944822;10122372878
7000;6307359881;1557652857;11802657106
8000;7374066637;1656798372;13433180177
9000;8247211349;1763332452;15085350295
10000;8977040862;1804721846;16569892279
1000;911709750;876866977;1715715053
2000;1847766653;949446825;3452233593
3000;2748686582;994771717;5123441276
4000;3611324994;1056530673;6719255429
5000;4699976483;1213488021;8405399440
6000;5424616084;1405763299;10017550185
7000;6325587603;1565537616;11778237515
8000;7352647235;1669438862;13479602344
9000;8276700780;1741771484;15043374697
10000;8967060847;1815143031;16534377317
1000;905788013;874563303;1713578705
2000;1869904398;946084874;3474951404
3000;2829930945;1003442887;5120507667
4000;3630508180;1058121492;6735965720
5000;4676991747;1210944030;8593845235
6000;5448160903;1406918978;10011874804
7000;6328929900;1556997001;11824664648
8000;7235738913;1667947047;13510702432
9000;8187643766;1763531699;15027231810
10000;9008011890;1783228904;16625707089
1000;896594295;873361453;1707616978
2000;1817011672;949090987;3444549040
3000;2794593006;1003281211;5139986935
4000;3601360877;1057663555;6729766734
5000;4644107379;1203338599;8418104745
6000;5428470287;1402821853;10037515025
7000;6450042112;1552834379;11786291226
8000;7368454724;1649903045;13436485211
9000;8330984922;1754325003;15009063715
10000;8975485021;1803824169;16640299910
1000;906868308;875239545;1714839506
2000;1838967268;936191039;3464328755
3000;2731982822;993394821;5270438240
4000;3589463445;1063143644;6756887582
5000;4612687623;1213698878;8383346334
6000;5391972527;1408798216;10109562425
7000;6319173336;1575467647;11880399083
8000;7393419041;1667736343;13356812991
9000;8195252200;1589519169;15017775079
10000;9057067135;1809080662;16541765970
1000;911706391;874180823;1710716993
2000;1879351427;945435453;3522376664
3000;2802325383;1006049283;5148936910
4000;3594237525;1063104076;6727310347
5000;4601294818;1208626919;8434207595
6000;5418368200;1414877270;10041992222
7000;6318733513;1566788130;11782068590
8000;7300150864;1664780634;13401794181
9000;8223064196;1764300311;15107714440
10000;8987993169;1809626697;16621663285
1000;915864672;874944767;1718426837
2000;1877868200;948116675;3451790652
3000;2733580698;1003267844;5152921379
4000;3616229194;1059723270;6709941295
5000;4687363747;1204930209;8458697253
6000;5421048848;1417462854;10025111344
7000;6383895707;1553654120;11757745695
8000;7457925827;1662338440;13438748724
9000;8176925235;1768861855;15070947541
10000;8980119556;1817763116;16630048442
1000;917448444;877843487;1718218045
2000;1827382917;944699807;3466010891
3000;2727431163;1006754647;5138632126
4000;3585914106;1055084074;6731381002
5000;4629940987;1219412878;8420343046
6000;5415497742;1417105960;10058198817
7000;6384060390;1550080280;11789761817
8000;7424864801;1656948440;13429174822
9000;8202377722;1767253013;14985679641
10000;9029371570;1807576802;16712242363
1000;910001204;875694456;1738450387
2000;1846615612;942311200;3470537984
3000;2727152968;1016911617;5112870726
4000;3708414700;1049373054;6726739538
5000;4652939701;1202802305;8460039103
6000;5379708388;1409719198;10102057431
7000;6416299728;1555140378;11811848072
8000;7485467050;1660240105;13414713368
9000;8214911037;1766346744;14978088559
10000;9016679252;1813327961;16613680175
1000;912611656;880192219;1724247854
2000;1844977136;956664752;3464486794
3000;2765263242;1007513417;5204900140
4000;3665988432;1056135389;6738430154
5000;4616623358;1206961205;8400703489
6000;5455376627;1404581158;10044637892
7000;6392965062;1549990584;11803343737
8000;7374861107;1662355173;13378554951
9000;8414549379;1769290851;15065223966
10000;9087296110;1802780154;16559519526
1000;918343767;875372844;1717635305
2000;1860273681;944778178;3462044067
3000;2733595631;1010144404;5160456444
4000;3607118608;1058702320;6730261084
5000;4666905827;1200858920;8413930776
6000;5393432394;1416826448;10004825748
7000;6322379188;1559978739;11764471481
8000;7442834701;1650542945;13476483590
9000;8342654740;1754864468;15161599256
10000;9002457441;1804353027;16605375851
1000;902793365;878921099;1716970784
2000;1852951335;942392946;3484762834
3000;2719114614;995302193;5138675845
4000;3570636435;1059495740;6687041972
5000;4607544627;1205759944;8426813606
6000;5432101115;1408380536;10012849366
7000;6386113191;1560356093;11798895018
8000;7388621332;1662498715;13514003896
9000;8178965807;1580193195;15019906359
10000;9005279723;1808291669;16619480428
1000;909417682;877243050;1739949680
2000;1882572472;945318136;3505385027
3000;2808525487;1002893393;5158118833
4000;3687957835;1060195148;6744448528
5000;4641594265;1208808087;8474086825
6000;5439866776;1407911711;10030174702
7000;6373901767;1564545842;11806876339
8000;7476066531;1658307250;13399949679
9000;8188931656;1767419251;14969498949
10000;9065234726;1802559234;16928400323
1000;901152435;879097490;1714851703
2000;1819267335;944270042;3449243759
3000;2740447104;994679928;5149504115
4000;3565954276;1059265075;6852691366
5000;4670054451;1206321636;8420373978
6000;5425855000;1398215280;10049323644
7000;6373420985;1570289012;11751200671
8000;7378369046;1664121168;13401181904
9000;8227083611;1765158145;15017067467
10000;9124849023;1796670667;16636218060
1000;911704572;877000655;1715843482
2000;1879935147;946531228;3456624409
3000;2724553650;997411020;5174213129
4000;3670752079;1030788590;6700125062
5000;4691498959;1204669403;8504665664
6000;5480627364;1396979123;10030739607
7000;6372290066;1578061196;11822158104
8000;7320413593;1658109135;13451784406
9000;8217054091;1596348010;15030836517
10000;8983938872;1804309412;16684091211
1000;934073450;872203720;1720552787
2000;1874850732;947157692;3448866997
3000;2715113283;992215070;5176312663
4000;3603036875;1064763649;6729605047
5000;4735622529;1221161562;8448905393
6000;5407816432;1400271124;10030757415
7000;6373005074;1561505258;11867797341
8000;7493592147;1663636231;13423275899
9000;8267708028;1761303035;15012226832
10000;9056722329;1802077577;16580047106
1000;921490463;872572399;1719895383
2000;1820502188;943608868;3463326392
3000;2731566415;1011748474;5130504647
4000;3586852743;1053041338;6702405405
5000;4605569732;1210180743;8438951421
6000;5459635629;1404956419;10002251805
7000;6345461929;1572413672;11748545119
8000;7472025125;1667510012;13408487226
9000;8162327993;1760440763;15011757529
10000;8998002746;1804970913;16601615379
1000;922453547;879544254;1726124761
2000;1824924662;944888177;3462296083
3000;2765482456;1012051022;5148141016
4000;3635636159;1054514558;6790472117
5000;4663098381;1207580187;8429532772
6000;5406722273;1393868732;9980805183
7000;6279580474;1558701484;11866049243
8000;7426193195;1666213223;13388880849
9000;8324989691;1769367224;14984161079
10000;8970148841;1794631203;16912580521
1000;905365673;874948084;1715801965
2000;1841257881;948135195;3449956464
3000;2784000960;983736060;5171739163
4000;3613054872;1070755747;6733916777
5000;4625385591;1205916396;8442374536
6000;5559773644;1408753903;10027633466
7000;6398934892;1569809451;11808118327
8000;7470462689;1667539929;13383030288
9000;8255754648;1756615978;15041634583
10000;8976872871;1805429597;16576198971
1000;915617484;875217844;1720550272
2000;1897273502;944283700;3473841006
3000;2737660143;1004809901;5121673268
4000;3594259229;1055342874;6741364968
5000;4606527905;1203241996;8459823043
6000;5441869165;1418055642;10023082488
7000;6341897446;1549488030;11799990278
8000;7436223928;1664797059;13397833472
9000;8207885157;1766574482;15062532976
10000;8967732487;1807830249;16538865093
1000;930127454;876479204;1726923218
2000;1844581427;943979796;3468888697
3000;2718044882;997309607;5129248522
4000;3580402194;1054464808;6721251070
5000;4638860249;1221567595;8592607314
6000;5402676498;1411110471;9984297175
7000;6476117797;1555902436;11734629861
8000;7424978242;1656538517;13409373296
9000;8172905202;1763981799;14987472915
10000;8958914861;1798374443;16572230841
